Some((
    red: 0.86488825,
    green: 0.43245852,
    blue: 0.0,
))